Eigvals	18
0.34427854460652313	0.23896139983320575	0.2330457773202355	0.22501835507069268	0.2103334554481004	0.20517182312826587	0.20031112714750313	0.19587653504735109	0.18920142774260587	0.18469240418865418	0.17574336569703392	0.16874913086727672	0.16315246901445124	0.16234296195602943	0.15100714296896717	0.1440170800198817	0.1347672518156375	0.0

Proportion explained	18
0.10349043293748339	0.07183200670361195	0.0700537653796813	0.0676407151998432	0.06322642147345812	0.06167483026392081	0.06021370078226362	0.05888065850142558	0.05687411538192399	0.05551869894069006	0.05282861010889698	0.05072613697504174	0.049043775505739094	0.04880043697287243	0.045392879827501044	0.043291660764640486	0.0405111542810063	0.0

Species	0	0

Site	18	18
KO1	-0.02541564686194143	-0.09853323084950638	-0.16361036193830192	-0.03547212127817855	0.0999063792602153	-0.1090934566190158	-0.002787149299089516	0.009027862466772969	0.09929424058129982	-0.1727627576632646	0.08920083928874697	-0.02861657961495888	-0.0857748258385567	0.0505975354152018	0.16512022880278776	0.05555979899403523	0.14164553557052242	-0.0
KO2	0.01778337610737399	-0.017072180086928533	-0.04132200524751466	0.33186380085417755	0.044961897851083316	-0.034932326727146704	-0.03794057621805293	-0.030073046947461157	0.05366717242357031	-0.02071554973373092	-0.0813451742675254	-0.06951244086720784	-0.025566516218437335	0.11847494959966398	-0.15606913217934346	-0.0914100356466297	0.05752552673472324	-0.0
KO3	-0.2275444385268687	-0.21067143490364937	0.28705882049148634	-0.02953585314911706	-0.005346346809256554	0.14765787544875947	-0.027062464397112292	-0.08035527394241784	0.05546209072489836	0.006780622888873428	0.07530976749658132	-0.017667935876705766	-0.08681840648459034	0.013997616527239647	-0.005082387577250046	-0.02835560170702965	0.023345497663542342	-0.0
KO4	-0.16209279436241544	0.03725074872947537	-0.026338282693046448	-0.07658276851686269	-0.11235308002602115	-0.18467126561691913	0.0078022848872998365	-0.2466722223246807	0.04417745686657393	0.028370136503260427	-0.059775543967389114	-0.05236618843833116	0.10115465531742379	-0.08847164822814974	-0.08577671065227166	0.10198728389784797	0.04180742861794642	-0.0
KO5	-0.29713079254437064	0.03641736902341201	-0.09663386998990746	0.11303116634569395	0.050171217478648986	0.031515230388556366	0.029768234871249202	0.13995506518418685	0.025546246799190372	0.17268168457922303	0.1032627359104706	0.04139805210333222	0.14377404127969654	0.04615317655283273	0.05766445080958961	0.08114099100464886	-0.053312488282768085	-0.0
KO6	-0.16019676796433624	-0.09629974369339714	-0.12164633665347341	0.009653678549520565	0.05196728461305931	0.05956090454182788	0.059781333520553794	0.05875665840739465	-0.07196993182923668	-0.1858338841661018	-0.14057474498167397	0.05152931836465687	-0.04889537769630647	-0.16179352793119126	-0.05460401147218952	-0.003843403244379277	-0.1483502662200099	-0.0
OE1	0.17687023490537912	-0.19832084038074788	-0.054720676168956955	0.0043182493797764	-0.2242637905599665	0.08427797907154531	0.21680324600719245	0.047685985322527616	-0.07453228000610701	0.029668270909381067	-0.030822186589701057	-0.08159187181917732	0.07779462357254555	0.051917840163593375	0.02824192052556471	0.032296036453177746	0.03824413034354043	-0.0
OE2	0.12328021467262697	-0.1035828744146295	0.1655972648142039	0.04729489259861549	-0.07413821252707986	-0.21718490509796026	-0.17679228172592207	0.16318837200313757	-0.0106512681050066	0.027155289177772764	-0.07859972247909089	0.05469964574779294	-0.019007486100125957	-0.012561945373450163	0.04627559006918373	0.10103219289939384	-0.067736080112929	-0.0
OE3	0.14475150566473807	0.025055756996696755	0.007322166196588559	0.06898971906234867	-0.005867509082686865	0.08507898609227806	-0.045168205955769015	-0.13722104226719037	0.15813774053082724	0.0017519307455204902	-0.07028539359126203	0.10123383525355113	0.1299703146129431	-0.06835277291990194	0.1878015551812755	-0.12327697922455474	-0.058488759135652345	-0.0
OE4	0.06149968099139017	0.02356396217175356	-0.08500580504461572	-0.12013009580309063	0.055327993482161324	0.0845350301267655	-0.10602875402791788	0.11105352477610651	0.09462999113048723	0.16799200216858318	-0.06897302268052596	-0.2103984229023976	-0.06631899197965134	-0.13948977889108913	-0.02243270726671387	-0.041914771127385814	0.04593083713248453	-0.0
OE5	0.0016851857935335126	0.09218352236921622	-0.018815450661560696	-0.1350453363007783	-0.06267380067927912	-0.005211584209217959	0.1163877024929835	0.07293435377683911	0.15505839623089449	0.06355029371907214	-0.07387035172180907	0.23215231716046644	-0.11857371640708007	0.0803374782266754	-0.09533372182016578	-0.02911569385895515	0.05363169864026775	-0.0
OE6	0.16609882486547825	-0.14727148146770797	-0.10623293731461	-0.15104084253828978	0.1172457693697391	0.028575024388933168	-0.14261702494708053	-0.05616807345664388	-0.055237848801362115	0.005008429115386562	0.1290652296126318	0.07783305194249839	0.11575220470735822	0.07867782875040609	-0.14908213129144499	-0.01657581398133814	-0.05251523845584155	-0.0
WT1	0.07103093544011176	0.09703491450276752	-0.006142509018350989	0.12473227417780844	-0.10180901158194681	0.047326632859035246	-0.047006941600132746	0.010244402323100307	-0.1278877069022181	-0.008516311763318143	0.18288186821041402	0.11055002061799453	-0.04918515364160013	-0.20280985791324346	-0.03173510375423078	-0.004430152963753886	0.12966364320011975	-0.0
WT2	-0.02100129497589808	0.22121107235831322	-0.00884329833103256	-0.04268762689145195	-0.1619323679285085	0.16571471023565854	-0.15147362635855163	0.003783186970834073	-0.0077241326259884354	-0.149457339612003	-0.005720386188758335	-0.07310285419028677	-0.014063382224339505	0.1388480326044696	0.010284883868255096	0.0926916144127983	-0.056133900857173374	-0.0
WT3	0.15450291422158605	0.07674334714000884	0.07300147376427461	0.043223170507963704	0.22539165422102717	0.0771536928668722	0.09954599746470791	-0.12029966948277264	-0.10146446109574189	0.08216642577823695	-0.07514260707207317	0.01533027672890081	-0.0798371115312723	0.018630634226892276	0.036680447044997726	0.19000974894903694	-0.003700864845796069	-0.0
WT4	0.0071026783491571505	0.12980102400673021	0.1992226429253073	-0.08168148545365263	0.12737140805089053	-0.0433698418412859	0.09929322710581685	0.13368848352296003	-0.03372695116612241	-0.1357034642007954	-0.020402426299420833	-0.05097744824816013	0.18985172671154518	-0.012177502049865813	-0.03242173040877456	-0.0695054462339307	0.09084756712849384	-0.0
WT5	-0.12194302560827167	0.04078794905851453	-0.0392783129848119	-0.07475313085227714	-0.012711108123763738	-0.08568396798224062	-0.039749769500023194	-0.05353519607474013	-0.2602440953870886	0.08791905727390471	-0.06959526301469557	0.005019315310746245	-0.06447504785067962	0.09405643485624032	0.10986835114202102	-0.17590773314532746	0.01408277763546264	-0.0
WT6	0.09071920983272701	0.0917021194396794	0.036387477854322406	0.0038223093077940687	-0.01124837700831671	-0.1312487179264451	0.14724476767984807	-0.025993370257952588	0.057465340631129666	-5.483572000077675e-05	0.19538638233508	-0.10551209127271355	-0.09978155022887329	-0.006034493616323311	-0.009399791021289199	-0.07038203547765425	-0.1964870447569318	-0.0

Biplot	0	0

Site constraints	0	0
