PathwayL2	KO1	KO2	KO3	KO4	KO5	KO6	OE1	OE2	OE3	OE4	OE5	OE6	WT1	WT2	WT3	WT4	WT5	WT6
 sorting and degradation	684438.2	745359.2399999999	829351.2000000003	807165.0900000002	799009.9400000005	799691.6200000001	571962.6600000003	694167.33	775296.78	602466.8699999999	663426.8500000003	705522.5	831089.5099999999	888941.57	805222.0700000001	827123.16	845418.7300000001	785949.8799999999
Aging	326549.35	322351.53	382546.83999999997	383699.45000000007	399980.90000000014	393780.97000000003	249923.83999999994	297173.32999999996	337824.23	272389.84	302354.70999999996	312479.70999999996	371969.46	417064.7	351977.95	370074.03	393007.98000000004	347670.09
Amino acid metabolism	4926433.440000009	5302074.400000017	6011095.299999978	5890008.039999998	5901956.209999996	5733318.039999988	3732814.11	4743720.709999986	5379971.480000002	4231025.390000004	4626522.4200000055	4719251.469999997	5791966.0700000245	6265610.510000004	5503177.340000007	5889828.059999998	6093585.9	5490476.469999996
Biosynthesis of other secondary metabolites	899197.1499999999	1004528.4100000001	1105861.1400000001	1086850.3600000003	1061783.1600000001	1042629.7700000003	694826.7899999999	884370.0700000002	1030131.0999999999	793333.41	850838.4799999996	877364.2900000002	1096066.7299999997	1169372.0699999998	1028023.8499999997	1104085.31	1125770.66	1011291.2000000004
Cancer: overview	418119.4600000001	403742.91	492310.99999999994	490881.0799999999	518035.85000000003	500941.21	314347.68	371311.6199999999	426136.3500000001	340637.2800000001	383791.00999999995	393073.32	462389.1	522869.47	441324.73999999993	469014.19	496109.13	438687.85000000003
Cancer: specific types	176351.08000000002	152110.84	200897.69999999998	202774.86000000002	231475.08000000002	213970.21000000002	115975.83	136055.43	156983.0	131527.69	149933.74999999997	148330.8	174886.49999999997	208292.94000000003	169114.06	178771.02	191763.69	170776.48000000004
Carbohydrate metabolism	5338345.390000004	5896641.3400000185	6483701.879999996	6417849.140000002	6246458.159999996	6205641.15999999	4153163.7899999944	5177407.4899999825	5948549.860000003	4637916.450000005	5033204.610000014	5195045.799999985	6362892.000000028	6817693.37000002	6031065.750000006	6461088.220000005	6629613.399999991	5948072.88
Cardiovascular disease	173064.91000000003	159042.05999999997	200811.00999999998	200147.66	222556.45000000004	210409.60000000006	120910.29999999999	143994.18	166468.32	135896.21000000002	152935.99999999997	152691.31000000006	183352.90999999997	211753.11000000004	175508.48999999996	185274.47	196570.21	175881.20000000007
Cell growth and death	539750.6100000001	543769.7899999999	648561.54	634992.96	667790.5700000001	641469.72	403882.1300000001	495710.73999999993	550723.14	439912.1999999999	494919.74999999994	502891.7499999999	597071.4	666760.4000000001	580754.86	609425.67	631722.4900000001	578396.88
Cell motility	827375.3299999996	676034.6799999999	913012.53	996819.8	1123682.8199999998	1036278.76	532357.2100000002	598700.0800000003	731368.79	618014.4499999997	655979.3799999995	703509.6999999998	798392.0499999996	978343.7599999991	764008.6899999998	769641.5600000004	862086.9000000001	786299.1699999999
Cellular community - eukaryotes	180.0	116.0	146.0	96.0	167.0	260.0	94.0	245.0	91.0	66.0	77.0	261.0	236.0	102.0	104.0	330.0	349.0	247.0
Cellular community - prokaryotes	1826407.9200000023	1754020.0599999994	2100814.820000002	2186344.420000003	2347428.9100000006	2185168.4599999976	1270207.609999997	1526609.7500000026	1773543.3200000005	1459455.7800000003	1604497.879999997	1652059.2999999996	1968765.0800000015	2243580.5600000024	1865365.7500000014	1961567.4099999995	2117158.1099999994	1874565.3499999999
Circulatory system	28156.160000000003	21797.0	30606.829999999998	31949.54	38899.56	33915.270000000004	17563.010000000002	19144.5	22432.08	19097.55	22717.600000000006	22069.010000000002	25466.239999999998	31708.010000000002	25868.239999999998	26750.25	28828.43	26904.430000000008
Development and regeneration	10717.699999999999	9065.16	12921.9	11840.1	14389.98	11701.55	7742.4	9361.630000000001	10639.89	8606.15	9558.570000000003	9767.16	12258.99	14079.54	11026.25	11173.719999999996	13042.84	11851.570000000003
Digestive system	133819.16	143319.44	162664.44999999995	157632.57999999996	162506.39	155545.63	94910.87000000001	123973.55	150663.2	113995.43000000001	121224.35	120388.71999999999	158302.69000000003	171101.57	146278.90000000002	160183.62999999995	161757.07	145439.37
Drug resistance: antimicrobial	438630.1300000001	438054.6699999999	523860.7199999995	521027.9699999999	549828.3100000003	527482.2299999997	335608.9499999999	398490.9599999997	465721.5700000001	377746.26000000024	402011.7400000004	428925.0499999999	487983.16999999987	550493.4400000002	477140.92000000004	495257.9600000004	518724.79000000004	473052.12
Drug resistance: antineoplastic	209178.52000000002	190324.57000000004	242953.08000000005	240948.73999999996	269743.13	252472.06	144583.42999999996	172919.41	197520.53000000003	162652.82000000004	182770.62	183151.33000000002	215758.50999999998	251778.63	210476.49	221221.23	233580.74000000002	212368.83000000005
Endocrine and metabolic disease	153526.03	154878.95	181146.48000000004	180141.16999999998	187385.97000000003	180399.09000000003	115853.58	139685.89	157353.15	124485.19999999998	140950.22999999998	143959.75	173788.31000000003	193153.45	168286.98	175310.80999999997	182576.36	166398.46000000002
Endocrine system	478612.81000000006	528332.5299999999	564576.0699999998	562619.1200000001	543041.2799999998	551678.1200000001	371531.27999999997	461228.49	535169.55	408970.8699999999	448271.57999999996	453790.9999999999	588813.4399999998	626019.05	550843.41	589069.64	597112.1100000001	541421.1200000001
Energy metabolism	2545662.900000001	2699905.2700000014	3108824.9100000034	3022994.4600000023	3052597.5699999975	2976937.779999997	2058089.4599999976	2493798.589999997	2826533.5100000026	2195184.1699999995	2452555.750000001	2540265.9099999955	3061099.320000004	3311196.7700000023	2929377.7400000026	3053319.959999997	3173551.1600000025	2868022.5399999977
Environmental adaptation	213486.03000000003	207423.7	246194.19	248920.42999999993	265732.42000000004	251766.32000000004	150430.47	182389.3	216835.68	170967.15	188303.30000000002	189447.48000000004	236674.81999999992	267726.95	225025.69999999995	238206.16999999998	247636.85999999996	226733.55000000005
Excretory system	23789.25	24962.9	27542.3	27758.980000000003	28954.67	27650.65	17397.85	20405.239999999998	25766.969999999998	19760.92	21825.86	22325.16	29051.219999999998	30868.670000000002	25996.739999999998	28168.93	29894.23	24388.370000000003
Folding	684438.2	745359.2399999999	829351.2000000003	807165.0900000002	799009.9400000005	799691.6200000001	571962.6600000003	694167.33	775296.78	602466.8699999999	663426.8500000003	705522.5	831089.5099999999	888941.57	805222.0700000001	827123.16	845418.7300000001	785949.8799999999
Glycan biosynthesis and metabolism	931428.8399999994	1019155.41	1148501.209999999	1110507.5000000005	1119705.250000001	1078478.5600000003	732482.1500000003	916601.4799999994	1066403.26	826842.1200000006	881307.9399999997	913124.2999999997	1130376.8899999992	1214318.2500000007	1071811.2299999997	1124835.16	1163000.6300000006	1052571.9
Immune disease	31454.020000000004	34208.9	36019.64	37393.17	35424.16	37452.560000000005	22713.67	29713.359999999993	37824.63	27668.67	28821.47	29252.550000000003	40515.32	43791.41	34875.67	39463.49	40312.08	34389.37
Immune system	106468.41999999998	113209.28000000001	126627.76999999999	128984.53	131430.8	127019.89000000001	82265.85	103876.42000000001	122817.41	93937.03000000003	100362.23000000001	103501.27	131862.33999999997	143183.86000000002	121241.5	126423.98000000001	134298.76	119441.84000000004
Infectious disease: bacterial	437212.87000000005	423019.73	530196.8899999999	513271.47	556652.9700000001	520699.64999999997	322071.2899999999	397311.78999999986	453046.7500000002	361204.7799999999	397932.23	408030.00999999995	482834.94999999995	546560.52	464679.36999999994	482994.31999999983	511097.11999999994	466814.99
Infectious disease: parasitic	51104.74	47535.310000000005	63834.119999999995	60562.60999999999	66727.61	62529.67	33923.06	43368.73	48892.83	39904.020000000004	44282.72	43758.75	50218.810000000005	58061.619999999995	49867.42	52481.409999999996	55529.259999999995	51492.83
Infectious disease: viral	238742.53	194339.32	275808.33999999997	269235.73	320512.71	287039.24000000005	148586.32	179263.41	199842.51000000004	168041.41	194500.29000000004	189964.94999999995	221626.49999999997	270734.58	221594.99999999997	231160.36	241898.03000000003	225723.64
Lipid metabolism	1531870.9400000006	1674761.8200000003	1848366.5000000019	1819115.1499999997	1801157.5700000005	1784736.77	1149441.7200000007	1456358.7400000016	1687481.5400000005	1320220.98	1423772.5299999982	1439014.8399999996	1812026.3700000015	1947221.4399999997	1717727.7300000007	1844921.1199999999	1886512.7900000005	1698513.6600000004
Membrane transport	2260373.990000003	2260186.2700000014	2661473.000000006	2779438.3299999996	2896251.849999995	2705321.579999996	1616440.0799999991	1990490.220000005	2300235.920000001	1887354.4199999995	2058914.759999993	2125921.2299999995	2475650.2400000044	2806264.9600000097	2354762.8600000013	2530159.7599999965	2716321.9500000007	2341747.629999995
Metabolism of cofactors and vitamins	2421088.600000003	2600039.290000004	2959827.0100000007	2899968.8200000045	2909674.6499999976	2850581.8600000027	1946799.5900000012	2384905.089999999	2685000.4499999974	2102653.6600000006	2324478.600000002	2424776.3000000007	2895543.180000006	3135264.500000003	2769111.7000000025	2890154.5499999993	3016625.1499999985	2725337.66
Metabolism of other amino acids	1033175.5299999999	1086298.86	1239288.8000000003	1227672.6000000006	1235932.7100000002	1219786.28	777924.5099999998	954805.88	1096223.7700000003	869049.4200000002	956120.3199999998	977703.6400000004	1183161.76	1296270.420000001	1132034.2399999995	1202515.2800000003	1253761.3400000003	1118849.81
Metabolism of terpenoids and polyketides	693285.3899999997	790918.8100000004	858402.4100000003	831644.53	822276.6799999997	794873.7000000005	536283.08	698104.62	786524.1599999998	605646.59	665163.1399999998	666677.4600000001	864197.55	898863.4899999995	804100.4799999999	875399.14	896805.11	799850.7900000005
Nervous system	108426.75	127347.20999999999	135281.55	132243.16	120997.28000000001	124801.65	84841.92	108764.33000000002	119868.0	95827.84999999999	105446.57	112024.56000000001	129696.01000000001	134776.06000000003	122884.49	136916.18	142122.24999999997	120148.45000000003
Neurodegenerative disease	548439.73	485686.92000000004	634704.6499999999	634526.8800000001	719592.5199999998	655972.23	366213.0999999999	443030.51999999996	503753.84	416186.56999999995	465442.91000000003	466518.8299999999	556489.1500000003	654880.76	543000.3600000001	567588.2300000002	598973.8099999999	553147.0899999999
Not included in regular maps	15116.53	17516.66	18156.570000000007	16941.129999999997	16488.96	17006.71	10975.23	14965.63	17115.28	13490.15	14475.97	14080.99	17468.66	18126.370000000003	16913.92	20042.17	19219.370000000003	16321.93
Nucleotide metabolism	1274838.9399999995	1361758.6500000008	1534112.1800000004	1528488.28	1537074.3299999996	1506354.7900000005	1003805.6	1252228.4700000007	1417332.57	1107432.8899999997	1202917.6399999985	1264519.14	1522342.2299999995	1654541.0599999998	1443218.0899999999	1516928.1899999995	1574211.5999999994	1422563.1300000001
Poorly characterized	1648785.9299999988	1740796.9300000009	2014243.0699999996	1985388.1900000034	2012806.419999998	1957653.0799999996	1228111.429999998	1551369.400000003	1831462.2700000005	1430426.5099999998	1521151.7099999948	1564877.0799999996	1923211.3300000005	2095555.2399999977	1796056.2300000016	1935725.109999998	2016606.3600000013	1799718.479999999
Protein families: genetic information processing	8056605.1000000555	8411775.66000005	9677449.42	9565498.840000015	9760349.010000024	9498633.409999967	6395970.050000002	7822492.129999984	8859071.340000005	6986556.97000002	7580187.44000005	7990144.329999969	9504764.790000074	10377910.399999976	9121405.620000005	9430348.720000029	9806804.20999994	9023104.140000027
Protein families: metabolism	3578072.6700000092	3730675.4400000125	4299203.990000006	4240574.8100000005	4322020.0399999935	4192339.3400000012	2829037.8800000027	3431760.1600000015	3978813.219999997	3108221.7400000016	3374975.1499999897	3529311.830000006	4256605.210000017	4630000.980000011	4033662.7700000014	4225078.850000001	4417192.659999995	3971540.179999994
Protein families: signaling and cellular processes	9089374.410000011	8973503.34000005	10608578.24999993	10976341.089999955	11493334.000000063	10908554.759999966	6530495.819999998	7928620.809999921	9273396.460000025	7535951.850000043	8142458.090000101	8457528.989999952	10034802.790000083	11314263.909999974	9493996.430000018	10059633.17000004	10734629.049999911	9478024.560000004
Replication and repair	1272385.0999999992	1380566.0099999995	1541319.269999999	1508512.6799999995	1510311.0400000005	1491741.3100000005	1013022.92	1266860.200000001	1422721.0500000005	1110834.7900000003	1207481.7099999995	1263177.0000000002	1534854.5	1656615.9300000004	1465692.6300000004	1519388.43	1568448.669999999	1448042.89
Sensory system	0.0	24.0	0.0	56.0	0.0	110.0	40.0	0.0	0.0	0.0	0.0	20.0	80.0	0.0	39.0	0.0	104.0	0.0
Signal transduction	1846251.6500000004	1769308.5599999994	2139382.2500000014	2202780.100000002	2340022.310000001	2214848.9300000016	1320274.2200000002	1581740.5799999996	1869607.1900000016	1519995.8699999999	1631285.09	1689408.5299999986	2025383.8000000003	2296569.7599999974	1917980.4800000002	2015078.6300000006	2140794.2599999993	1915780.37
Signaling molecules and interaction	448.0	546.75	1589.5	791.0	170.82	290.0	603.75	752.75	707.5	346.5	519.25	426.75	735.25	378.25	643.0	832.0	588.0	1269.0
Substance dependence	21904.5	26961.989999999998	26823.059999999998	27078.91	22179.54	22421.909999999996	15169.61	20836.800000000003	22694.13	18699.989999999998	20076.449999999997	20937.31	25324.24	22758.0	22425.760000000002	26980.41	27347.29	23580.390000000003
Transcription	64509.22000000001	71873.47000000002	78502.6	77711.73000000001	74978.42	75356.1	55402.47	67435.09999999999	73516.64	56790.69	63630.45000000001	68293.79999999999	80283.63	85605.74	77789.51	79384.78	81704.81999999999	75156.12000000001
Translation	1306398.3799999992	1407857.9099999992	1592051.369999999	1546549.5099999995	1554865.0700000008	1524106.9200000002	1082885.7400000005	1330193.6900000002	1473188.1900000006	1148715.0300000007	1260580.6499999997	1334625.1299999994	1588381.0699999991	1710388.900000002	1538982.0700000003	1570671.8199999994	1621671.950000001	1508018.9399999997
Transport and catabolism	209416.71000000002	239234.17999999996	259329.24000000005	252530.94999999998	240488.90000000002	243516.24000000005	157155.25	205556.1	244496.50000000006	185720.19999999998	195757.40000000002	197839.78	259844.24	274128.27	238721.23999999996	260840.14	266817.42999999993	237444.86000000002
Unclassified: genetic information processing	444797.66000000027	446942.85	544848.5199999998	528833.82	556634.7300000001	528252.7799999999	346142.69000000024	420292.36999999976	479319.24000000005	382559.41000000027	416966.1400000003	438548.96999999986	505515.1599999997	559444.1000000001	488269.19	512759.5100000004	536112.8099999999	487863.79999999993
Unclassified: metabolism	1706179.6199999994	1795605.5400000007	2066197.100000006	2040916.4900000033	2052342.249999998	2002125.4500000037	1278630.6799999988	1577030.410000006	1853249.1199999999	1454114.0799999996	1572295.7899999924	1604801.5700000003	1976920.24	2144585.359999995	1867350.390000001	1991030.6999999962	2069620.980000001	1858582.0099999998
Unclassified: signaling and cellular processes	623593.8700000001	612337.38	743069.369999999	754111.5799999995	763233.3599999995	739187.6899999997	492958.7100000002	576155.7499999986	680823.1999999998	552968.9000000011	564551.6000000007	629585.789999999	687599.5599999999	765335.69	659526.55	693645.5500000005	726453.44	660305.3599999998
Xenobiotics biodegradation and metabolism	1570771.5800000005	1610981.49	1891661.7500000002	1856888.9100000013	1924797.2999999996	1837265.680000001	1086899.4800000002	1392901.2700000005	1593246.2899999975	1282201.73	1432113.4599999972	1392941.71	1723860.999999999	1898521.01	1647338.0299999993	1804808.1100000034	1903052.4299999992	1669287.3400000017
