Feature	baseMean	log2FoldChange	lfcSE	stat	pvalue	padj
PWY-5840	5428.06239430016	0.657589363560514	0.0705415512539084	115.294024271962	9.20917511194969e-26	3.60078746877233e-23
PWY-5838	5541.47111822522	0.656765172196962	0.0711346854002833	112.626814863169	3.49460340144946e-25	4.60722599813466e-23
PWY-5861	4094.28748185205	0.71570792247392	0.0773782128473618	112.6038529401	3.53495600879897e-25	4.60722599813466e-23
PWY-5897	5226.15786732625	0.690585396085415	0.0753612577111944	110.824699261378	8.60443436460271e-25	5.60722306093276e-23
PWY-5898	5226.15786732625	0.690585396085415	0.0753612577111944	110.824699261378	8.60443436460271e-25	5.60722306093276e-23
PWY-5899	5226.15786732625	0.690585396085415	0.0753612577111944	110.824699261378	8.60443436460271e-25	5.60722306093276e-23
PWY-5863	3153.76117282175	0.884889792743766	0.107045001440356	89.5193219566887	3.64020821354693e-20	2.03331630213835e-18
PWY-5837	2823.90229209445	0.895963119726824	0.110449762349017	86.4532530564558	1.68622151967894e-19	8.24140767743084e-18
GLYOXYLATE-BYPASS	16727.7649363526	-0.0536708399674853	0.014287972785943	65.19108024337	6.98130787054603e-15	2.7296913773835e-13
PWY-5198	1600.45072485309	2.57425424649944	0.334078897570504	65.3814599672197	6.34740717930834e-15	2.7296913773835e-13
ALL-CHORISMATE-PWY	4304.52475092211	0.230952011749774	0.0979792187958826	57.6471990749758	3.034378638027e-13	1.07858367951687e-11
PWY-5850	2925.97685471865	0.169645910411071	0.130623400828153	54.6339219729346	1.36897204962443e-12	4.11744670310116e-11
PWY-5896	2925.97685471865	0.169645910411071	0.130623400828153	54.6339219729346	1.36897204962443e-12	4.11744670310116e-11
PWY-5860	2062.94257060469	0.17429741575231	0.138803936561788	53.9849858860745	1.89369164047784e-12	5.28881022447739e-11
PWY-7315	1514.49358074182	1.25621754692524	0.210992267599996	47.4778532576083	4.9013437103743e-11	1.2776169271709e-09
PWY-7003	1211.10889484545	-0.619159429169257	0.297305787644141	46.8068437149777	6.85524577282272e-11	1.67525068573355e-09
PWY-2941	847.042211619322	-1.09157782083438	0.367604648606503	46.2438820335117	9.08382179124865e-11	2.08927901198719e-09
P105-PWY	23676.3490289069	-0.0286585759937896	0.00942177702569837	46.1131923052843	9.69722604911003e-11	2.1064529917789e-09
PWY-7242	7894.1116481216	-0.338565262421469	0.0543041351003497	43.5075718950056	3.56821325759751e-10	7.34300728274014e-09
P221-PWY	5167.53159753317	-0.230167897263214	0.0807768867169699	42.5431721046829	5.77919776228564e-10	1.08107267800193e-08
PWY-7111	38938.1135090835	-0.0810475157815812	0.0201559208930972	42.533824195246	5.80627269515103e-10	1.08107267800193e-08
PWY-7377	1959.71141127812	1.85504192214579	0.307633470692634	42.3176188035595	6.46912932371127e-10	1.13880521884165e-08
PWY0-166	16966.3398201995	-0.0433486316768288	0.0109849347952496	42.2478288576842	6.69885422848029e-10	1.13880521884165e-08
PWY-5845	3462.1969280483	0.789709669000027	0.158005158506444	40.5472604368121	1.56774082570962e-09	2.55411109521859e-08
CHLOROPHYLL-SYN	2103.32475600177	0.958032544348479	0.169560238157694	39.89393916335	2.17340759305745e-09	3.39920947554185e-08
PWY-5862	2466.49971839144	0.831358607097182	0.168718998337131	39.408056088762	2.77108181965093e-09	4.16728073647506e-08
DAPLYSINESYN-PWY	19290.5416601819	-0.0305806889482358	0.00917096076733876	38.9731726136244	3.44415823328562e-09	4.98765136746177e-08
PWY-6895	2414.40705195577	-1.45263271250175	0.376887857300861	36.8968714246599	9.72626661894117e-09	1.35820366000214e-07
GALACTUROCAT-PWY	4116.10053828798	-0.284613573495865	0.0529016858676068	36.7363198397657	1.05392450884729e-08	1.42098097572168e-07
PWY-7527	822.802002428844	-1.14503272773132	0.342799391379219	35.8355090455829	1.6535528594719e-08	2.15513056017837e-07
PWY-4361	523.183442009063	-1.18574502006405	0.361839038007678	34.5876383510112	3.08595622387537e-08	3.89228672108151e-07
TCA-GLYOX-BYPASS	18000.8848931314	-0.0964022427351494	0.0262264545858644	33.7572684918611	4.67414612042863e-08	5.71122229089873e-07
PWY-6891	598.283226574578	-1.61990820185647	0.445273438440308	33.5283817253207	5.24088240099417e-08	6.20965157208704e-07
POLYAMINSYN3-PWY	4876.8027773683	0.282671580388304	0.085629886139317	32.963730428152	6.95051341754552e-08	7.99309043017735e-07
LEU-DEG2-PWY	16447.1598605431	-0.088433873167421	0.038113259805528	31.9796414489615	1.13686551416753e-07	1.2700411886843e-06
PWY0-1338	112.879896628282	0.274696780988781	0.502921422264284	31.9018013686498	1.18198469042088e-07	1.28376670542935e-06
HSERMETANA-PWY	19524.4442046303	-0.0482827530626821	0.0219420408976142	31.5640576565976	1.39943253549043e-07	1.47885978750475e-06
PWY-6590	627.081053147075	-0.890349755257576	0.386840639237139	30.1395035037248	2.85292247609783e-07	2.93550707409014e-06
CENTFERM-PWY	501.078939144706	-0.90036611975849	0.396503721619368	29.8556961198067	3.28789516004655e-07	3.22866219337038e-06
PWY-7184	18158.3097407513	-0.0441266107711952	0.0122654723608148	29.7971563628535	3.38555370660321e-07	3.22866219337038e-06
SO4ASSIM-PWY	17918.629622344	-0.125073746987561	0.0250292680118927	29.8361504654873	3.32018471428866e-07	3.22866219337038e-06
PWY-5529	2678.12616262616	0.721919672693563	0.142730560067091	29.6731112904255	3.60218283852872e-07	3.35346069015412e-06
GALACT-GLUCUROCAT-PWY	2684.79274582943	-0.436459229015818	0.0837419984257117	28.9536544483481	5.16171261616842e-07	4.69355728586477e-06
PWY0-845	2151.61435095131	0.0496287372703527	0.212538341467875	27.8338567172926	9.03555447931348e-07	8.02932227593539e-06
PYRIDOXSYN-PWY	1414.64340688656	0.108573612696236	0.297051083224851	26.9786899034418	1.38564482130642e-06	1.20397138917958e-05
PWY-5104	14226.6922029271	-0.13888005928624	0.0466025353987779	26.4172166941489	1.83473895198854e-06	1.55952810919026e-05
TYRFUMCAT-PWY	11709.7099655319	-0.170475558590746	0.0707657790089372	25.483784164655	2.92594783877652e-06	2.43413958502472e-05
PWY-5505	8362.97633766904	0.174450769026234	0.0681698997869968	24.8156527291329	4.08648093825368e-06	3.32877926428581e-05
PWY-5509	9238.89625281434	-0.207471207757324	0.0496175087999585	24.7035297962094	4.32211843209375e-06	3.44887409581359e-05
PWY-6269	9230.04177823301	-0.210982041208505	0.0505584351943003	24.5602604765928	4.64309105304827e-06	3.63089720348375e-05
GLUCUROCAT-PWY	3387.83298690091	-0.340628047591469	0.0690990015072214	24.2641545182944	5.38400918766744e-06	4.12774037721171e-05
ASPASN-PWY	4551.70042678195	0.290518031050763	0.107380826651466	23.3204106496343	8.63052409900072e-06	6.48949023597939e-05
P461-PWY	832.500154176345	-0.810414935433602	0.323753951915622	23.0833083948273	9.71680013981956e-06	6.90776155394445e-05
PPGPPMET-PWY	9713.60934714106	-0.252602155902969	0.0776425588479225	23.1096887875835	9.58947520426774e-06	6.90776155394445e-05
PWY-7295	2719.30620380008	-0.433341868256983	0.145000528717249	23.0975391981713	9.64790659713936e-06	6.90776155394445e-05
PWY-7254	5297.65864951161	0.0339525105045559	0.140591571050178	22.9394073534451	1.04416945368458e-05	7.29054029269056e-05
PWY-1861	1460.11189658103	-0.559339804715216	0.275483031854132	22.5064079221861	1.2965689469554e-05	8.89400803964145e-05
RUMP-PWY	1104.430564373	-0.561372024629195	0.281588168425794	21.9489764536913	1.71332724642872e-05	0.000115501888509247
SULFATE-CYS-PWY	20564.552293015	-0.0854140497307309	0.0206842921439121	21.7199052092994	1.92124393740882e-05	0.000127323115174042
P164-PWY	983.30215100651	0.860744656242844	0.235074243198616	21.5577867142944	2.0834644473399e-05	0.00013577243315165
PWY490-3	2196.74143393371	0.377709966524413	0.167878659264698	20.9334070566208	2.84687510019197e-05	0.000182480026913944
PWY-6630	16662.4797178714	-0.0414957364504671	0.0200585162314514	20.7228031739613	3.16300927919934e-05	0.000199473649704346
GLYCOLYSIS-TCA-GLYOX-BYPASS	18493.3445094453	-0.0176590885969377	0.0119010297186437	20.0967686687579	4.3255579186294e-05	0.000268459229553031
PWY-5154	12158.4093706564	-0.0772638708416886	0.0415771599476832	18.718714822551	8.6155443448999e-05	0.000510405733159979
PWY-6071	1852.24509926428	0.00481548961968603	0.0903247492889642	18.7498181142488	8.48259492114445e-05	0.000510405733159979
PWY-722	438.172633409295	-0.767376921910093	0.239522060641465	18.7318811293493	8.55901317570145e-05	0.000510405733159979
PWY-5695	28989.6005206076	0.0118445113095811	0.020074665940979	18.3482922068743	0.00010368572556708	0.000605091323831765
POLYISOPRENSYN-PWY	18173.94345311	-0.0306713028627242	0.0154518708106987	18.1648789689761	0.000113644036165625	0.000653453207952346
FAO-PWY	28983.5684726892	-0.0403614672843823	0.0286277493091737	17.8885333528581	0.000130483121539407	0.000739404355389975
PWY0-1296	5181.41290046048	-0.396495538221918	0.0949340336087152	17.7713098200812	0.000138359538411705	0.000772836850271096
PWY-7094	31520.8836747904	-0.0238579200160076	0.0276930392748563	17.5476588174969	0.000154729920579312	0.000852104210514241
PWY-7211	18884.6189589647	-0.021367734792295	0.00936446565589781	17.1350604772788	0.000190181773857746	0.0010327926885886
ARGDEG-PWY	15.6433416064744	0.132267848841347	1.68177957721312	16.377768782589	0.0002777235422814	0.00146743114908145
ORNARGDEG-PWY	15.6433416064744	0.132267848841347	1.68177957721312	16.377768782589	0.0002777235422814	0.00146743114908145
PWY-7199	11757.1418800395	-0.0757706706541281	0.0317348027106165	16.3053021617201	0.000287970912595842	0.00150128835766632
OANTIGEN-PWY	18006.0291133169	-0.00216907600237309	0.00880025947336617	16.0352035428737	0.000329609554745489	0.00168989313350695
PWY-5855	15909.3639121997	-0.124008460667773	0.0474846329365376	15.9395418239386	0.000345758185883774	0.00168989313350695
PWY-5856	15909.3639121997	-0.124008460667773	0.0474846329365376	15.9395418239386	0.000345758185883774	0.00168989313350695
PWY-5857	15909.3639121997	-0.124008460667773	0.0474846329365376	15.9395418239386	0.000345758185883774	0.00168989313350695
PWY-6708	15909.3639121997	-0.124008460667773	0.0474846329365376	15.9395418239386	0.000345758185883774	0.00168989313350695
PWY-6628	16866.4964016387	-0.0349716458795521	0.0204854423163554	15.7561642397005	0.000378959158519692	0.00182929667878024
PWY0-1533	3941.93205177132	-0.403933397930887	0.10419993326472	15.5668893904044	0.000416574727284009	0.00198635022400058
1CMET2-PWY	17478.7203425691	-0.0483298893171374	0.0144292883283817	15.0517292447562	0.000538962467867798	0.00253896777031697
COBALSYN-PWY	12522.9945071639	-0.0562972493845744	0.025190715246351	14.8884645143041	0.00058480490788247	0.00272212760692911
PWY-6545	10444.6350813863	0.349004085302092	0.0934863668613646	14.8312007784388	0.00060179097580522	0.00276823848870401
GLYCOLYSIS-E-D	17788.412462021	0.0593338282505059	0.016939256720077	14.8051995948966	0.000609665691684368	0.00277185215637893
PWY-1622	1027.52837904344	-0.598283249048498	0.182144291571988	14.7260127625453	0.0006342886766103	0.00281825991539349
TCA	25796.5076739565	-0.00578036971811916	0.00874072933104653	14.7284155474404	0.00063352710454973	0.00281825991539349
ECASYN-PWY	6.59816216389749	0.284024580987088	1.80150433497499	14.6070838348628	0.000673150305009483	0.00295732325009784
UBISYN-PWY	14860.2345440548	-0.122095726605343	0.0469808445944292	14.5637480421203	0.000687895224870791	0.00298852258804977
PWY-6612	15769.6657387546	-0.04471036939802	0.013552770459795	14.4272367509977	0.000736487440250559	0.00316446801250515
GLYCOLYSIS	19115.782058471	0.0504329995382544	0.013688842314777	14.3901031811963	0.000750289376438282	0.0031887298498627
PWY-6507	4410.87867164513	-0.384657734382149	0.108884344558815	14.3036024378243	0.000783451641722517	0.0032938665797151
HISDEG-PWY	14301.6039253751	-0.0748252519545992	0.0387053684070752	13.8533690772145	0.000981248773693792	0.00408157734589652
P124-PWY	12245.8057667667	0.238703050053717	0.0673007413276841	13.7931195853673	0.00101125839028293	0.00416212663790133
PWY-6901	8734.62551704455	-0.0122025238611086	0.0529626121758476	13.6154723293802	0.00110519204283724	0.00450135509113916
PHOSLIPSYN-PWY	22259.5548247179	-0.0330242865337156	0.0144419980147358	13.582615326714	0.00112349865515096	0.00452874200169096
DENITRIFICATION-PWY	899.112426343225	0.362623083528695	0.150407849054538	13.4914988987807	0.00117586709612621	0.00469146974066681
PWY-5667	24318.0809829126	-0.0629078807224328	0.0251704382156769	13.3636307664109	0.00125350032235067	0.00490118626039111
PWY0-1319	24318.0809829126	-0.0629078807224328	0.0251704382156769	13.3636307664109	0.00125350032235067	0.00490118626039111
ANAGLYCOLYSIS-PWY	19226.515488246	0.0439338704958395	0.013626460820011	13.0907104198424	0.00143677363567333	0.00556216328265614
GLUCONEO-PWY	19513.5281501752	0.00997625550155552	0.00940608492935869	12.7141656850321	0.00173441891235259	0.00664860583068494
GLYCOCAT-PWY	12973.2945816629	0.11447170096471	0.0334596959617309	12.5043822969857	0.00192622885535598	0.00724187963888642
PWY-5705	2308.37628603762	-0.293366971644126	0.0893082735068792	12.5173584078934	0.00191377183035816	0.00724187963888642
PANTO-PWY	18675.1212766717	-0.00872144397425813	0.00851310623411964	12.3304123647363	0.0021012850719902	0.00782478536331591
P184-PWY	3261.81894161168	-0.231185031647197	0.116922737534423	12.1875506176626	0.0022568724206219	0.00832487845719965
ANAEROFRUCAT-PWY	18838.6159092731	0.0425073158215137	0.0130187336518236	12.0037658877896	0.00247408921681218	0.00887494388783085
PWY-5531	2749.83943244538	0.654318293425322	0.201169729026354	12.0109294888295	0.0024652433742479	0.00887494388783085
PWY-7159	2749.83943244538	0.654318293425322	0.201169729026354	12.0109294888295	0.0024652433742479	0.00887494388783085
FOLSYN-PWY	17035.1134573211	-0.0340709740339325	0.0118426633749559	11.9323790093954	0.00256399291112924	0.0091138293477412
PWY-5028	9359.06261193471	-0.132121512009863	0.0873190074432135	11.7003369410478	0.00287941402083512	0.0101428007400588
FERMENTATION-PWY	9323.19551802403	0.0920768802027042	0.050869315403896	11.6347867039929	0.0029753507374381	0.0103871619494491
PWY0-1479	13476.9380115434	-0.0298762209062186	0.0302662606876008	11.5871351962218	0.00304709196249157	0.0105434774985328
P125-PWY	959.971323401745	0.271910559343197	0.246715744083827	11.5632129295808	0.00308375747912136	0.0105767471433022
PWY-4984	11050.523603087	-0.0780365412005257	0.0260921240650283	11.2985594311313	0.00352005130017272	0.0119681744205872
PROTOCATECHUATE-ORTHO-CLEAVAGE-PWY	12715.622205115	-0.0725159935970409	0.0392223283538202	11.222368427535	0.00365673643505351	0.0122203756077429
PWY-6185	1398.79681090586	-0.130479521184696	0.112371577595917	11.225142173535	0.00365166852111243	0.0122203756077429
PWY-7328	10375.5020198705	-0.0597779850758641	0.0307643054867839	11.1719875315574	0.00375002127463961	0.0124259179524075
PWY-5345	17612.5024544421	-0.0424075904285308	0.0136307240886059	11.0430737812932	0.00399969612040596	0.0131418586813339
PWY0-1586	23764.9650458542	-0.0611925699525082	0.0484743263053907	10.7383725525883	0.00465792002853642	0.0151770560929812
PWY-3661	2436.69898473419	-0.433990793257941	0.168704052796229	10.4701409772204	0.0053264490165991	0.0172119137643822
PWY-5181	2290.58919299394	-0.155361300044576	0.116030103272037	10.3565774024979	0.00563764586038543	0.0180681928804156
BRANCHED-CHAIN-AA-SYN-PWY	26544.9427712881	-0.00146330475397452	0.0080326476669681	10.2321386779295	0.00599955884095523	0.0190717683480772
PENTOSE-P-PWY	18744.6952315311	0.0789826895477127	0.0341043863016514	9.98339932635957	0.00679410697960078	0.0214233534598702
ARGSYNBSUB-PWY	18815.6027716794	-0.00627400396939505	0.011619371436515	9.79954042036076	0.00744829441652238	0.023298264934882
PWY-7616	3033.14660962254	0.264228546081351	0.180509581933299	9.52576252903521	0.00854096513144315	0.0265041060824942
DTDPRHAMSYN-PWY	19885.0602980828	-0.00597167346030179	0.0177119041500137	9.4883696762393	0.00870215277856104	0.0267916672158848
DHGLUCONATE-PYR-CAT-PWY	13.9086376498733	5.52427572175169	2.14246074159299	9.34554133055443	0.00934633804557526	0.0285501419985932
PWY-6897	17237.9156992776	-0.00800207474947047	0.011147339833621	9.32763203677237	0.00943040704483879	0.0285836368568369
PWY-5676	3288.01492971685	-0.263964586863849	0.0999900144381767	9.10239546486571	0.0105545552770724	0.0317448547179639
BIOTIN-BIOSYNTHESIS-PWY	15059.2184107559	-0.0888253030850785	0.0504920554289146	9.0554101359707	0.0108054454024948	0.0322513675753853
PWY0-321	2582.94743315427	-0.176232417217165	0.115790079676017	8.97344408730817	0.0112574849389888	0.0333460349329138
P122-PWY	6159.93722936907	-0.0275918568351844	0.0889736452323579	8.93207476494558	0.0114927671785747	0.0337870072693437
NAD-BIOSYNTHESIS-II	4723.10914771469	-0.157376641361763	0.115654220469943	8.90640680919876	0.0116412156528805	0.0339680247781811
PWY-5484	18671.9359434636	0.0437242117999689	0.0150266631438942	8.89090743790234	0.0117317818914272	0.0339787164410964
PWY-5973	26498.2476060599	-0.0699034285426952	0.0260617680993421	8.77098983787334	0.0124567215410971	0.0358130744306542
PWY-5100	2649.57903558135	-0.155754530909915	0.133006236177865	8.725285112265	0.0127446646200125	0.0363734588790139
PWY-5384	6674.53866259749	-0.222170193039614	0.11281205881236	8.57721205976895	0.0137240428752354	0.0386050414691873
PWY-621	6674.53866259749	-0.222170193039614	0.11281205881236	8.57721205976895	0.0137240428752354	0.0386050414691873
PWY-6147	17179.0918320911	0.0296302147770684	0.0108676024661887	8.47264209145396	0.0144606943356145	0.0403866534658947
PWY-7663	25787.6625648869	-0.0801855677086316	0.0312251850007662	8.43196835084558	0.0147577903629651	0.0409240853327615
PWY-7208	21503.6557005892	0.0236081341177098	0.00826770009802583	8.32932939527356	0.0155349229232941	0.0427757384718872
PWY-6992	1576.81266269466	-0.414190015339986	0.177183920832718	7.84456590313908	0.0197958501512404	0.0541271147491957
P381-PWY	1645.02731807451	0.878478078290639	0.371432269779653	7.72046935942501	0.0210630558710804	0.0571920475388364
PWY-6519	15562.1709881478	-0.121740829950253	0.06885974770864	7.70249586010749	0.0212531973786292	0.0573103460347864
PWY-5101	32389.5693732122	-0.00625296699531853	0.00746432458219157	7.64433636877186	0.0218803088830685	0.0585972655704096
PWY-6263	3703.72839150717	0.31550881678255	0.186385300549563	7.60141627882996	0.0223549358385866	0.0594610878427712
P161-PWY	7210.40786381466	0.247066229857192	0.137437421846485	7.52361180556915	0.0232417301479289	0.0614021384313527
PWY0-1241	2537.68225673634	-0.0563316739292851	0.0952419495373392	7.42500137887561	0.0244163890584426	0.064072537730544
PWY-1269	10583.5243673126	-0.139929565580221	0.0649834656005421	7.39974478975722	0.0247266815202318	0.0644542164960709
PWY0-1298	4119.91062755903	-0.0659003812905461	0.102973984251494	7.37810773158878	0.0249956400882094	0.0647238097648337
PWY-6396	1112.81018171566	0.0340678086452014	0.155425817211792	7.11080348242868	0.0285698949061659	0.0734922954494135
PWY-7371	1510.18574257886	0.352790131625675	0.226094414824459	7.07120952997269	0.0291411281253218	0.0744717718758224
PWY-6151	9677.78419148553	-0.121686874531981	0.0492642522995885	6.98497146384886	0.0304251493318681	0.0772482687581847
RIBOSYN2-PWY	18110.9703913969	0.00110953257914756	0.00810328516949562	6.91613075745317	0.0314906255595544	0.0794376425405533
SALVADEHYPOX-PWY	25761.7309550483	-0.000499589809565296	0.0455812798076191	6.79801222485304	0.033406455727355	0.0837302832653578
GALACTARDEG-PWY	2779.84839559195	0.00907894905610305	0.118588630341904	6.63794742598702	0.0361899539812948	0.089558683586622
GLUCARGALACTSUPER-PWY	2779.84839559195	0.00907894905610305	0.118588630341904	6.63794742598702	0.0361899539812948	0.089558683586622
FASYN-ELONG-PWY	25322.2066889424	-0.0617355918032865	0.0255060787968792	6.58736178774876	0.0371169739966296	0.0901412225632433
GLUCARDEG-PWY	2898.79326838983	0.0315132780888367	0.113589885165417	6.60912671132775	0.0367152398383887	0.0901412225632433
PWY-7391	939.677958503859	0.576840278275512	0.29511707448941	6.59711439808734	0.0369364208782847	0.0901412225632433
PWY-7374	1682.45636004059	0.35109698455656	0.217355707311825	6.56534345691682	0.0375278585008516	0.0905764979866232
GALLATE-DEGRADATION-I-PWY	3509.6977815717	-0.159015090899938	0.122324602954465	6.46219624002129	0.0395140837492326	0.0947853174598156
PWY-6467	10552.3857658766	-0.128519548712069	0.0707267979011139	6.42453427091738	0.0402652229992983	0.0959981841019855
HEXITOLDEGSUPER-PWY	1346.10718773787	-0.291589789127725	0.197358616839752	6.39598710368932	0.0408440733331881	0.0967880768077367
PWY-7090	2407.96365437809	-0.17278075959327	0.10553120822461	6.34486300625608	0.0419015900901706	0.0986959140075705
PWY-5103	23233.8087112533	-0.00557735797017226	0.0115298546224533	6.318359032443	0.0424605649971346	0.0994136581669438
PWY-1422	78.635454377398	1.99734372929106	1.35546271744261	6.30640616123924	0.0427150876409729	0.0994142813548833
PWY0-1297	7255.23410636683	0.118005078859064	0.0801469841628694	6.25720191475	0.0437790031194036	0.101287516092821
PWY-7228	20969.5536287318	0.0107707153900396	0.00772422967109529	6.18701544953029	0.0453426256763237	0.104288039055545
PWY-5910	1614.3938074551	0.468245612456798	0.261446336377693	6.14730900042019	0.046251818345873	0.105757081714832
PWY-7200	13401.4766943363	-0.0188713775446867	0.0195662318912654	6.01338077336314	0.0494550854142377	0.112037421997394
PWY-922	1156.20299925147	0.474517410522977	0.270031513126452	6.00867660801043	0.0495715447712255	0.112037421997394
PWY-7392	14125.7308890821	0.109972143966044	0.0466146767503381	5.9149191270098	0.0519507271976572	0.116739852495885
PWY-6969	25079.1213875455	0.00801841194555515	0.0121693225583779	5.85880490775583	0.0534289548731805	0.119375550602363
PWY-7456	977.787830989486	-0.913061022679513	0.414518960251987	5.82867950849948	0.0542398308311418	0.120498715085094
ARGSYN-PWY	15071.22871131	0.0510725366781262	0.0342800209050208	5.79264604601622	0.0552259115882555	0.121996222774056
PWY-7400	15074.4700334737	0.0500461953911707	0.033690103599133	5.76668370106296	0.0559474819537723	0.122895873280477
PWY-7196	12884.2067272822	0.03010401802908	0.0283868018394764	5.71163831488815	0.0575086931468198	0.125619547600036
FUCCAT-PWY	140.669307959915	-1.28734151782559	0.546211981418112	5.68215737918342	0.0583626767857296	0.126776703462335
ARGORNPROST-PWY	4151.21489913442	0.252136581984894	0.126499464095225	5.61938408549418	0.060223535811586	0.130096146421713
PWY-7220	20931.5558312581	0.0108697016504065	0.00750015637650983	5.58485442503849	0.0612723123566046	0.130915159188155
PWY-7222	20931.5558312581	0.0108697016504065	0.00750015637650983	5.58485442503849	0.0612723123566046	0.130915159188155
GLYCOGENSYNTH-PWY	13551.0723745264	0.0540509443833505	0.0319973767757999	5.54348412790154	0.0625529385503322	0.132924994419456
PWY-6562	461.09313671424	-0.612545530046669	0.272495155289527	5.51306841762215	0.063511504973412	0.134232424024887
AST-PWY	1179.09637664518	-0.495400407828999	0.247101195771951	5.46827957718324	0.0649498536856052	0.136534369844471
THISYN-PWY	5268.115279286	0.203356371816981	0.218290873790075	5.44896068011951	0.065580273305605	0.137122389638992
METHYLGALLATE-DEGRADATION-PWY	4025.25525492843	-0.104117526556496	0.106950500790536	5.41132920798924	0.0668258963272325	0.138983646084829
CRNFORCAT-PWY	48.9808175879986	0.3709171190438	0.928751039728005	5.39439205496603	0.0673942195912359	0.139363050927988
PWY-5507	330.190976059453	-0.189020753450417	0.471847705977326	5.38471272304008	0.0677211756427565	0.139363050927988
POLYAMSYN-PWY	8549.2609102512	-0.107573312463812	0.0563484624631117	5.36887715192915	0.0682595057679213	0.139735428037996
PWY-3781	63774.8366338284	0.0471560362176043	0.0217389959370814	5.30903723894681	0.070332687303588	0.143229587165119
PWY-5005	7.4229503144609	-0.0906650631258399	3.72494504855217	5.26984612952759	0.0717244873367016	0.145307122013732
NONMEVIPP-PWY	16038.8954099248	-0.000107173670810387	0.0176474721485378	5.23486560982673	0.072990002087896	0.145795554083623
P42-PWY	11057.5799202852	-0.0413912368218546	0.0583491183483527	5.23228570776195	0.073084216369284	0.145795554083623
PWY-7560	16038.8954099248	-0.000107173670810387	0.0176474721485378	5.23486560982673	0.072990002087896	0.145795554083623
PWY-6737	12490.3373781997	0.0728617128870508	0.0321615113206415	5.2049237865142	0.0740909494913995	0.147053610411864
PWY-5347	12702.9165735082	0.08402469857686	0.0535696323644824	5.18104798232423	0.0749807405445459	0.148068028045038
PWY-7255	5939.09363325445	0.269691978024054	0.123652385136376	5.10121246040103	0.0780343448823117	0.15332376306022
PWY-7013	15.887267458313	-23.2554103701882	3.63160602987352	5.05584804804801	0.0798245622694204	0.156057019236717
GLCMANNANAUT-PWY	427.832879465909	-0.453641566748822	0.211871409194123	5.01219660086642	0.0815859428837744	0.15792130528493
PWY-6892	1469.1437727945	0.18990076461039	0.301907347922359	5.01597402225082	0.0814319960673793	0.15792130528493
PWY-6608	16322.3812497347	-0.0505114021727834	0.0272293271717272	4.97258574387791	0.0832178948509299	0.160286684171003
P261-PWY	130.095887531409	0.222711297329668	0.631949634216319	4.94210746894328	0.0844957759630332	0.16195023726248
PWY-3801	446.760743481776	2.42281660638031	1.71185060164958	4.92799931733947	0.0850939227777904	0.162301091737151
P23-PWY	6361.06466269501	0.0528750552388596	0.179775240181319	4.86094174141959	0.0879953883747237	0.167020373080179
TRNA-CHARGING-PWY	16895.7188723897	-0.0270242909359415	0.0150465310725452	4.75157845527403	0.092941108565961	0.17555542729126
PWY-6125	20262.0715633922	0.00984584694989891	0.00766309017667	4.72996264563295	0.0939510550931907	0.176609916064604
PWY-6728	2928.64400470315	-0.0389019818758308	0.156093419445029	4.66035554822741	0.097278451961685	0.181989831181908
PWY-7323	14270.3647169891	0.0322728428275579	0.0235999581975086	4.57348313298536	0.10159697006344	0.189163882356215
PWY-5178	479.295562729159	-0.158398143394646	0.234476201360855	4.54656024805635	0.102973858490538	0.190724975283935
PWY-5189	18458.9299986516	0.0190942629969606	0.00897280250165713	4.53808818781854	0.103410984041417	0.190724975283935
PWY-2221	203.023580198285	-0.0761488000196327	0.723182867509164	4.52357376074434	0.104164189415042	0.191212197470806
PWY-5741	1752.63487564458	-0.280649659809471	0.136074987932835	4.49629852953018	0.105594471239716	0.19293195446135
PRPP-PWY	7085.07947266747	-0.190944139929871	0.09914238033805	4.43417925997005	0.10892566193854	0.197175619527635
PWY1G-0	4981.89477031721	0.320521915584798	0.15260208196685	4.4367830682188	0.108783943441977	0.197175619527635
P441-PWY	1259.40282433775	-0.33129362180613	0.183113960002718	4.41089074561916	0.110201433651128	0.198565716855259
CALVIN-PWY	20081.363372289	-0.00563436137871461	0.00817621302861287	4.39619652636608	0.111014077300614	0.199112404699726
PWY-5121	17375.715386537	0.0374135143241125	0.0225498756223982	4.37650097879174	0.112112719532426	0.200164718434606
PWY-6383	6544.81429098568	0.286949820808333	0.137553497102789	4.35478687755153	0.113336564656015	0.201429985365918
PWY-181	8909.68631530764	-0.0424489838717905	0.0544004312444453	4.3437558962836	0.113963398475837	0.201627551149557
PWY-6478	964.076560151478	0.287976550353425	0.175204382157076	4.33116717963691	0.114682987240578	0.201986702752549
PWY-7539	17626.3303999671	0.0214756764546727	0.0114854340303576	4.27454848813562	0.11797597887825	0.206854743234958
PYRIDNUCSYN-PWY	15678.8501613621	0.00720287828646366	0.0144527326066989	4.24794811968653	0.11955556222118	0.208688503698578
GLUTORN-PWY	18974.7242800634	-0.00243890325563524	0.00911933739433553	4.1843059345529	0.123421127917426	0.213657192189305
PWY-7316	103.867585213518	1.31813070951585	0.789035229172012	4.18311002950711	0.123494949961082	0.213657192189305
PWY0-1261	18250.5055098901	-0.0395553650009931	0.0219924261928535	4.16158985570365	0.124830941155257	0.214103790700069
PWY0-781	15514.7738879507	0.0397951066137533	0.026523610545334	4.16131261859186	0.124848246239426	0.214103790700069
PWY-6338	1623.00550912241	0.308166987280348	0.195391621657045	4.0892872109082	0.129426308589149	0.219072236616266
PWY-7097	1623.00550912241	0.308166987280348	0.195391621657045	4.0892872109082	0.129426308589149	0.219072236616266
SUCSYN-PWY	363.423979685457	0.462510578211799	0.450531080190364	4.10192610722328	0.128610984653826	0.219072236616266
PWY-6174	386.420799249334	0.575416699632357	0.29665805487063	4.07911593982868	0.130086200185699	0.219240104623312
PWY-7098	1771.08609062449	0.299759316430228	0.189521837768425	4.05102497079429	0.131926215601239	0.221386911159161
PWY-6163	17925.2488696141	0.0120586045356009	0.00835384233550718	4.03732170916024	0.132833229037935	0.221956378435183
LIPASYN-PWY	78.5042801322014	-1.89343139781896	0.927754055521707	3.94406905837468	0.139173415602577	0.230579684324608
PWY-7197	17183.8373480837	0.00915061651565016	0.0102733771213361	3.95090439708048	0.13869857876518	0.230579684324608
ARG+POLYAMINE-SYN	10769.0650208494	-0.0571853169320371	0.0294042942623564	3.92790736428555	0.140302610969547	0.231469708392797
PWY-6957	437.466012996164	-0.286177289956208	0.206145053230469	3.91819781372328	0.140985404681122	0.231618879118987
PWY-5304	3879.46614524381	-0.229535098853683	0.135055940037364	3.87440971939458	0.144106184368562	0.23379883024111
PWY-7347	111.961644948092	0.476736499925983	0.483756623933132	3.87636326926543	0.143965493782336	0.23379883024111
PWY0-1415	9705.62764351844	0.136227853761389	0.0730644699384932	3.87658417296393	0.143949593405448	0.23379883024111
PWY-5920	10860.7561413103	0.0954113116569554	0.0505356321502313	3.81303831015492	0.148596729590871	0.23812016913947
PWY-6942	11.80424105388	5.01791996797265	3.30851832882577	3.81753107078958	0.148263299467946	0.23812016913947
PWY0-41	865.454394437855	0.232429382641765	0.167103657208316	3.82492044333441	0.147716523794974	0.23812016913947
PWY-6641	144.83257547269	0.167871728815879	0.635042969368803	3.77759312133975	0.151253724032794	0.241388596313561
REDCITCYC	23353.4941524312	0.0259327756346894	0.0241364011250633	3.62223571045126	0.163471297383723	0.259826330394453
HEME-BIOSYNTHESIS-II	13325.4766429456	-0.0641807632121416	0.0429881437950352	3.52979198826085	0.171204591841443	0.271016175749006
PWY-7007	6502.12554939995	0.209040162034747	0.133120225648155	3.49096116951199	0.174561077412324	0.27521524704927
PWY-6339	4479.60805552357	0.00441310651418761	0.098372178599026	3.4508820230123	0.178094492730975	0.279658420312495
PWY-6731	372.199774812186	-0.495043795468643	0.311454525622812	3.36965701169484	0.185476237318819	0.290084835166632
SER-GLYSYN-PWY	23915.8414684991	0.0281331016337756	0.0181599690735294	3.34878059287712	0.187422416767975	0.291960816558878
PWY-7221	19823.213036973	0.00982693803699434	0.0100485619631229	3.33554056013469	0.188667272170612	0.292733743725037
MET-SAM-PWY	13318.3602623807	0.0953703944430711	0.0614480651831543	3.30640061367831	0.191436272420537	0.295856057377194
PWY-7332	1374.52232334995	0.0217965406212387	0.197013029480746	3.28477891577893	0.193517088473037	0.297894415720306
PYRIDNUCSAL-PWY	13536.4313457692	0.0144180696898772	0.0226660707089918	3.23241038142504	0.198651113636811	0.30459837424311
PWY-5430	496.488781093891	-0.226181065269737	0.240815441020701	3.13432346109957	0.208636509418169	0.318659668681656
PWY-5183	494.054642285492	-0.350339141586786	0.260339259693378	3.0556420035266	0.217008012586134	0.328244934364796
PWY-5656	155.19554441818	0.492900180846667	0.309098590695023	3.05174939290305	0.217430787725018	0.328244934364796
PWY-6700	12521.4496182358	-0.0971178731486604	0.0556016029564326	3.06347258276901	0.216160024509464	0.328244934364796
PWY4FS-7	21142.740471075	0.00234275449580042	0.0108776325246177	3.02228383002151	0.220657861514693	0.330564076062242
PWY4FS-8	21142.740471075	0.00234275449580042	0.0108776325246177	3.02228383002151	0.220657861514693	0.330564076062242
GLUCOSE1PMETAB-PWY	6526.50027801805	-0.147158089627185	0.101920748195735	2.99488640178197	0.22370138909073	0.333844439444562
LACTOSECAT-PWY	6.26043992276961	3.6506091798305	3.65001271217158	2.90057782840938	0.234502527194583	0.347375237412531
PWY-7373	12.2145586452772	-6.15143206239103	3.63453109115351	2.90021632862276	0.234544917332246	0.347375237412531
PWY-5913	18096.3079954259	0.0304133633664369	0.0217143085366487	2.86859757613433	0.238282391903455	0.351578925412268
KDO-NAGLIPASYN-PWY	42.4245792561384	1.88348356658556	1.99059106283727	2.83652377748301	0.242134508075507	0.355919521268885
PWY-6182	1918.01032681997	-0.179899420562629	0.116050081358083	2.81175860835157	0.24515139900373	0.359004483185238
PANTOSYN-PWY	17697.9940669497	0.00402485284312947	0.00781859474574535	2.76273621531055	0.251234601850202	0.366540034788914
PWY-6749	772.067884877311	0.286030173197301	0.199723562687142	2.71436705077062	0.257384674457376	0.37411675729678
ARO-PWY	18832.1113126822	0.0123799572443243	0.00800281552657349	2.64069384885477	0.267042642278066	0.382467667145508
PWY-5417	1753.20002858169	-0.180451144377638	0.12387637457035	2.65140259809047	0.265616617075872	0.382467667145508
PWY-5431	1753.20002858169	-0.180451144377638	0.12387637457035	2.65140259809047	0.265616617075872	0.382467667145508
PWY-7234	16662.7381512047	0.0013234035073087	0.00879911184139877	2.64153360424837	0.26693054056463	0.382467667145508
AEROBACTINSYN-PWY	20.8125608688623	-1.56846344333441	1.39142208082562	2.5661511496362	0.277183489586057	0.394104525193266
P108-PWY	17135.918405898	0.0472273161788346	0.0418291444984455	2.57309381838741	0.27622296113257	0.394104525193266
P241-PWY	231.72870561957	0.552920444783269	0.345660298776686	2.55035349921454	0.279381583272029	0.395790576302041
PWY-6588	1782.78874852492	-0.0048603821729812	0.199304606834626	2.526183654622	0.282778371618163	0.397720659362236
PWY-6876	1782.78874852492	-0.0048603821729812	0.199304606834626	2.526183654622	0.282778371618163	0.397720659362236
PWY-6353	17898.1814061987	-0.0170758294643498	0.0234173751974632	2.48988071037951	0.287958082823783	0.403554159082793
ILEUSYN-PWY	31549.3268232462	0.000722515062778649	0.00994161004878229	2.47255210639071	0.290463878424159	0.404168599515467
VALSYN-PWY	31549.3268232462	0.000722515062778649	0.00994161004878229	2.47255210639071	0.290463878424159	0.404168599515467
PWY-1882	288.716888439127	-0.35621929709486	0.276763301215709	2.42835421421231	0.296954275342898	0.411734473968345
NAGLIPASYN-PWY	10926.3796247878	-0.0793121404816932	0.065633241978599	2.39010731938271	0.302687711617179	0.418201043259071
PWY-6126	20809.5771447441	0.00587744968087469	0.00780778732970999	2.28420339408851	0.31914756497005	0.438411403745388
PWY-7229	21637.0051818766	0.00446340532901578	0.0077425230483385	2.28163182242082	0.319558184315692	0.438411403745388
UDPNAGSYN-PWY	17685.4090808602	-0.00463979693180031	0.0161745165114207	2.20903099248659	0.331371394039834	0.453028724019493
HOMOSER-METSYN-PWY	9978.11370687142	0.134034871949928	0.100060307090893	2.19744794111313	0.333296108115912	0.454072398164884
COLANSYN-PWY	12009.9873166926	0.0348020206544848	0.0363927175237716	2.14357927706004	0.342395205127156	0.464849045849715
PWY-6703	12308.8249210095	-0.0750514192722541	0.0519184145008582	2.09433018242896	0.350931198213952	0.474789268171817
PWY-5659	20473.8704599289	0.0181196359473738	0.0131475680662615	1.98861286977197	0.369979960772099	0.498835050558244
COMPLETE-ARO-PWY	19688.3974267171	0.0100759547021132	0.00805818076674001	1.96846727745319	0.373725525988397	0.499636317243304
P4-PWY	15627.7520485026	0.0383526762129917	0.0319024539022042	1.96305627192049	0.374738010454982	0.499636317243304
PWY-7187	5890.78252534025	-0.123370170847376	0.130305974680032	1.97046875444619	0.373351711543865	0.499636317243304
PWY-7431	7587.05761151812	-0.106477532984763	0.07833373817319	1.95800520675732	0.37568561961517	0.499636317243304
PWY-5941	3352.98439915339	0.108639146890181	0.195151404154843	1.9401756352492	0.379049749393155	0.50240153224652
METH-ACETATE-PWY	9.10553704720772	-3.00141227662668	2.75002229219382	1.871948835086	0.392203509294576	0.516335259711041
PEPTIDOGLYCANSYN-PWY	17801.0543166193	0.0112572658004793	0.00833822486026689	1.87719706397181	0.39117567157299	0.516335259711041
METHGLYUT-PWY	23.7569376130993	-0.543345275285847	1.66099050537762	1.86212466270385	0.394134786152619	0.517136581831121
PWY-6387	17936.7598808407	0.0112349732754114	0.00836026056615644	1.84803931641858	0.396920346005955	0.519049683238557
THREOCAT-PWY	2.68292130681798	0.783458496973251	2.07487121212248	1.78123211397327	0.41040284331807	0.534891705791218
PWY-841	19913.0253269327	0.00495546822250168	0.0075715663632455	1.75093068478807	0.416668081235678	0.541253221804485
PWY-7664	20357.8131047595	-0.0691998555677688	0.0560150529698426	1.70217962193857	0.426949384193055	0.552772215958559
CODH-PWY	183.868823425455	0.271179619137265	0.290792055283236	1.67353500681102	0.43310828413713	0.558083901304094
PWYG-321	21539.8123477808	-0.0676816701468739	0.0559753346122142	1.66985165144598	0.433906664952544	0.558083901304094
PWY0-862	18917.9786996403	-0.072309050794286	0.0601331362247087	1.64086550686176	0.440241097431532	0.564374652772882
PWY-5188	19031.9010970652	0.00784191742408649	0.00760197126397899	1.62414776500464	0.443936438867136	0.565404389566938
THRESYN-PWY	18799.5245116467	0.00946193952526058	0.0102997988909927	1.62933641266008	0.442786216655366	0.565404389566938
PWY-5918	15951.8385654416	-0.0131157187260016	0.0200591740744078	1.61208656971803	0.446621729725263	0.566977585462916
PWY-5022	10630.0147836476	0.0398153150968315	0.0471229923458104	1.58178540916214	0.453439826740044	0.573770136748728
P281-PWY	3926.85070617701	-0.0614874004304727	0.135453492869612	1.54635752406642	0.461543596736385	0.582140472012666
PWY-6282	19939.3650210973	-0.0665857113097947	0.0599630904395879	1.53835164700183	0.463394830098836	0.58259607256799
DENOVOPURINE2-PWY	6950.39525777226	-0.108498040005015	0.131306322828812	1.5081806967072	0.470438355177959	0.589555759213404
PWY-1501	340.831422177301	-0.188584347691019	0.25551223323186	1.49691556147758	0.473095607573705	0.590991637576098
PWY-5989	21298.8629110471	-0.0589338855427862	0.0607471743990241	1.43815383576271	0.487201775703559	0.606674822611757
PWY-6349	1.5067244090964	3.36421184454127	3.65425567198271	1.41711388071844	0.492354181511402	0.611144396733201
PWY-6906	24.5980769281696	2.80346996239936	2.27292818689399	1.38950511742856	0.49919795488794	0.617678482155647
CATECHOL-ORTHO-CLEAVAGE-PWY	2894.39045121371	0.107629704695926	0.121820594032281	1.3823098943775	0.500997109593308	0.617949116249159
KETOGLUCONMET-PWY	3608.85864763154	-0.00511536651480149	0.0901520800993031	1.32526707993031	0.515491976593602	0.633143367481088
PWY-6385	17367.5985931276	0.0069529592400785	0.00825897115382238	1.32114970154311	0.51655430748457	0.633143367481088
PWY-5971	17580.9045513944	-0.0174440149570707	0.0357292593301683	1.27535232536133	0.528519190707254	0.645784386145426
FASYN-INITIAL-PWY	19380.6123262194	-0.0329881504303531	0.0601332500472854	1.22349305258052	0.542402720720854	0.660683687856243
P562-PWY	4458.31891336933	-0.0916576840980213	0.0899888095667899	1.18918536233491	0.551787273448942	0.670027403473716
PWY-3081	12.1705309166075	-3.15439886609084	2.80349866004025	1.10570404250619	0.575306681492339	0.696423877595989
PWY-5677	123.199731155753	0.483400585130888	0.620672140309032	1.07748381787522	0.583481864120353	0.704140150836599
PWY-6386	17424.7966325676	0.00503193916276893	0.00820337123246409	1.05187830160034	0.591000065468542	0.708857409313096
TEICHOICACID-PWY	1473.03592412023	-0.0597840249906686	0.18125265338816	1.05182213301859	0.591016663519359	0.708857409313096
PWY-6397	139.954631027155	0.0350615534394644	0.417524797553986	1.01050597522254	0.603352915304498	0.721440336036877
PWY-6122	19615.4836043633	0.00726687682112179	0.00928766800988057	0.986566872049963	0.610618173348427	0.725689075316823
PWY-6277	19615.4836043633	0.00726687682112179	0.00928766800988057	0.986566872049963	0.610618173348427	0.725689075316823
PWY0-1061	14793.1514383661	0.0310300059677928	0.0428406436129401	0.972214777700287	0.615015757932044	0.728700488943725
GALLATE-DEGRADATION-II-PWY	1231.49735736069	0.213172599630961	0.253348711196096	0.939249551916816	0.625236828163311	0.738572809099259
PWY-1361	767.397295327545	-0.00331442311067697	0.223723620802217	0.927022736922993	0.629070863244338	0.740863576893182
LPSSYN-PWY	2.66439707660496	-0.210209216713941	2.11121121691554	0.88989022885967	0.64085944900332	0.749612968316232
PWY-6944	306.889580123939	-0.445773455068159	0.498690071436973	0.885550552105457	0.642251520168639	0.749612968316232
PWY-7376	7569.1364809673	0.00814912562494364	0.051934794386407	0.893740033402821	0.639627043704583	0.749612968316232
PWY-6317	11447.5441126907	0.0602874775560063	0.0661320034190287	0.835629229014899	0.658484290544744	0.766271897627961
PWY-6107	1473.55094131684	-0.0101422017732984	0.131115089442779	0.81339390583824	0.665845942398945	0.772539357501447
P163-PWY	2272.20287313391	-0.0773927322198499	0.136022597557237	0.780886645596297	0.676756786272947	0.78056608682219
PWY0-42	4286.98277635974	-0.0403352573099143	0.0849960565451367	0.786098970059982	0.674995344594795	0.78056608682219
GLYCOL-GLYOXDEG-PWY	16.5979733588112	-0.317136556607685	2.00872582844888	0.77075699823672	0.680193134973765	0.78222210521983
PWY-2942	21776.3721210342	-0.00685268610658623	0.0100329266746499	0.750152456407477	0.68723688996058	0.785700654896452
PWY0-162	20036.165851437	0.00688091983250211	0.00825232623576925	0.750994466511798	0.686947620654068	0.785700654896452
PWY-5655	1737.36373939273	0.0716959066247859	0.131944877568456	0.72965985754297	0.694314723795343	0.791478300303146
PWY-5647	971.558218957941	0.08313027812283	0.153158395241275	0.71533250421632	0.699306428109938	0.794851201717982
PWY-6471	1108.28659195586	-0.188262522042058	0.32056632103437	0.693531556930623	0.706970896675548	0.801233682898954
PWY-7046	192.369980175379	-0.176691074030386	0.236201533421494	0.68556935311932	0.709791029753398	0.802104892004562
PWY-6948	70.6368571120618	-0.289165389172731	0.685361046651143	0.65538175441236	0.720585734755893	0.81195683656932
FUC-RHAMCAT-PWY	38.8197324893438	-0.562119896770801	1.95675574643638	0.641869018638516	0.725470761008389	0.815112263087012
PWY-5419	1779.18657156814	0.0705447529329878	0.171740750843414	0.600489535241024	0.740636914558449	0.829768004562618
COA-PWY	17346.4513153991	0.00533822355252387	0.00883432015486725	0.568780074254846	0.752473095017835	0.835843693613561
PWY-5180	4078.40984130891	0.0417203349061547	0.107478883206845	0.56941955848788	0.752232536138264	0.835843693613561
PWY-5182	4078.40984130891	0.0417203349061547	0.107478883206845	0.56941955848788	0.752232536138264	0.835843693613561
PWY-5651	3287.65149627584	0.00420146712093707	0.152080863978412	0.558121193433806	0.756494060769671	0.837929682042327
PWY-5420	2280.25907191547	0.0659380009398275	0.152969699190749	0.541370951140379	0.76285639564887	0.84078941419724
PWY-6404	432.797028301538	-0.134278892084056	0.687065566624855	0.540007640328241	0.763376578107469	0.84078941419724
PWY-5747	5067.20059552091	0.0299624774580468	0.0718995589432721	0.532968299022968	0.766068146184315	0.841383834713672
PWY-6470	978.887203988374	-0.131434626671364	0.304027182276388	0.518467487504211	0.771642635317409	0.845132410109544
PWY-3001	21037.6495539695	0.00414169705120756	0.00817454765599014	0.497405704529427	0.779811658228875	0.849690938195978
PWY-5654	904.171806126812	0.0761519999551364	0.163046868917076	0.49653553847304	0.780151014865361	0.849690938195978
NADSYN-PWY	4677.49321402643	0.00930630314357299	0.1342244809782	0.481498508853065	0.786038697403919	0.853725363013701
PWY-6123	17109.6573300662	0.00318323991041238	0.00861920413034389	0.466109998089593	0.792110007032507	0.855965349458786
PWY-6505	1373.08604412968	0.0981977842421768	0.144575686573552	0.465177462847066	0.792479428399183	0.855965349458786
HEMESYN2-PWY	18507.0603334742	-0.00112246624876559	0.010052863257254	0.445745706708152	0.800216587681706	0.861941283150268
ENTBACSYN-PWY	3973.72243248478	0.0771293055260273	0.132678262342081	0.428628986986951	0.807094519130302	0.866961420274583
P101-PWY	3597.43176250571	0.0655581022652291	0.119037439428565	0.409254510765663	0.814951028413488	0.870172562660953
PWY-6609	12170.9507004477	0.0184452202657411	0.0376352518648431	0.414160425685623	0.812954437985639	0.870172562660953
PWY-7219	20876.8363796213	0.00540483959710467	0.00919843938532696	0.404818902092984	0.816760436052608	0.870172562660953
PWY-5097	20682.9159011931	-0.00442395810792291	0.00841874098775385	0.398608248267323	0.819300686328477	0.870506979224006
ORNDEG-PWY	831.025924584912	-1.25062029998392	2.61047479098995	0.37557456432711	0.828790987108722	0.878203999890272
3-HYDROXYPHENYLACETATE-DEGRADATION-PWY	2232.37197641301	0.0550943941736871	0.099296168381021	0.335330474411478	0.845636875069549	0.884788178369258
HISTSYN-PWY	16805.4338357088	-0.0110593151566643	0.0203574987259308	0.34105645023584	0.843219289328858	0.884788178369258
PWY-5686	20172.4110654802	0.00125815031929119	0.0087786230571566	0.333428827785468	0.846441308701222	0.884788178369258
PWY-6629	3.63054328894764	0.0655081058759218	2.16197610552394	0.339423049148323	0.843908228271072	0.884788178369258
TRPSYN-PWY	18595.7581099904	-0.00433240353390178	0.00932329264921697	0.330739058744655	0.847580440343286	0.884788178369258
VALDEG-PWY	68.2610591110544	-0.586304576114841	1.01993607986551	0.328377086225032	0.848582012502485	0.884788178369258
HCAMHPDEG-PWY	182.704864279559	0.252463228675586	0.558766933049343	0.290646676784206	0.864742643406533	0.894482469767075
PWY-6690	182.704864279559	0.252463228675586	0.558766933049343	0.290646676784206	0.864742643406533	0.894482469767075
PWY-7398	281.963815142099	-0.108073881144734	0.219541331774082	0.29592396575481	0.862463902714717	0.894482469767075
PWY-6210	634.002049248396	0.0863638828836581	0.175045042673366	0.243634194189895	0.885310279517175	0.913341211850173
PWY0-1277	628.097667408026	0.210828236571909	0.514634730063677	0.23074163697396	0.891035670138681	0.916828807958485
NONOXIPENT-PWY	23676.2016413906	0.0050347560519064	0.0145884773683196	0.217633300994521	0.896894847648008	0.92043539483037
PWY-3941	50.9876762863817	-0.444536964240881	0.992031074332597	0.211125612019629	0.899817957096593	0.92101785660934
PWY-5415	3742.19538439408	0.00317341382291321	0.122005097455476	0.144762877095388	0.930176023143083	0.949605287334062
PWY-6919	14.2545799951838	1.24201298591275	3.31080123765718	0.138753578794265	0.932975078725078	0.949982436931004
PWY-5392	185.953779139679	-0.22972092045534	0.66137001758493	0.126259721828376	0.938821549548031	0.953452534735792
GOLPDLCAT-PWY	24.4736055035163	-0.303119021105635	1.26447529322576	0.099404141235425	0.951512865916236	0.953952642495508
P621-PWY	41.2565895163538	-0.290845436656393	0.974939839309957	0.119255796206119	0.942115031160029	0.953952642495508
PWY-6121	20067.2036814146	0.000337540373229513	0.00782742934704755	0.102818931544135	0.949889643594961	0.953952642495508
PWY-7237	7283.87671803652	0.0139256055933594	0.0926181356778016	0.106081814470144	0.948341217671689	0.953952642495508
RHAMCAT-PWY	3571.32534248691	0.0434671864929237	0.133148066603451	0.114837135951689	0.94419877527341	0.953952642495508
PWY-622	27.3505549856481	0.206141684780655	2.96722747045775	0.0447414949772877	0.977877622163837	0.977877622163837
METHANOGENESIS-PWY	1.17482133914107	2.94908312431523	3.66209913749046	1.26504996761666	0.531248711685877	NA
P162-PWY	1.4648009814123	4.6250216789734	3.64050738420322	2.98990803324385	NA	NA
PWY-5177	0.732400490706149	3.62446870996548	3.65036676744633	2.100871883003	0.349785229970504	NA
PWY-6165	0.609778917746156	-1.57253859443327	3.66182239088218	0.90381426067631	0.636413270465934	NA
PWY-6167	1.45579409553632	3.23865549829964	3.65639638730794	1.40667578973861	0.494930517541384	NA
PWY-6350	0.95355262583752	2.58640829533633	3.67104355511372	1.14183481692228	0.565006858788255	NA
PWY-6654	0.783214226094048	2.36393868828632	3.67773826406236	1.00652460604532	0.604555196939212	NA
PWY-6713	0.728169055779958	0.277617169047133	2.15100590625548	0.431170810322548	0.806069424829056	NA
PWY-7198	1.75409827908786	-4.97721945050167	3.63942297743749	3.26701005892552	NA	NA
PWY-7209	0.492189169714382	3.05343995224551	3.65991246547457	1.60905894190836	0.447298343914694	NA
PWY-7210	4.07842151283172	-5.49150308571416	3.63678969873053	2.12229576793359	NA	NA
PWY-7446	1.7454721481956	-3.17658585137176	2.19784372228807	2.48555315040781	NA	NA
